Chat with AI,Reply,flag,username,timestamp
"What is fish?
",Fish is a type of aquatic animal that is commonly consumed as food by humans. It is a good source of protein and omega-3 fatty acids.,,,2023-06-20 11:49:21.894099
